PIC0091.jpg 1 592 216 42 100
PIC0092.jpg 1 584 217 47 105
PIC0093.jpg 1 569 220 55 98
PIC0094.jpg 1 573 217 52 99
PIC0095.jpg 1 567 215 55 100
PIC0096.jpg 1 570 216 44 102
PIC0097.jpg 1 558 216 47 97
PIC0098.jpg 1 554 218 42 101
PIC0099.jpg 1 541 219 55 97
PIC0100.jpg 1 539 217 54 99
PIC0101.jpg 1 535 218 55 100
PIC0102.jpg 1 536 215 48 103
PIC0103.jpg 1 531 217 41 97
PIC0239.jpg 1 124 223 94 167
PIC0240.jpg 1 134 217 91 171
PIC0241.jpg 1 155 217 63 170
PIC0242.jpg 1 175 211 63 177
PIC0243.jpg 1 184 216 81 166
PIC0244.jpg 1 187 216 100 163
PIC0245.jpg 1 202 216 85 167
PIC0246.jpg 1 220 211 66 170
